Peak initial
i = 8, K = 1.574914 (absolute peak at the start)
i = 3, Fr = 1.353513 (absolute peak at the start)


Peak 1
i = 72, K = 0.628829 (actual peak that I think you want)
i = 72 , Fr = 1.738695 (actual peak that I think you want)


Peak 2
i = 108 , K = 0.451449 (third peak)
i = 108, Fr = 1.592660 (third peak)


Peak 3
i = 157, K = 0.081904 (fourth peak)
i = 156, Fr = 1.293326 (fourth peak)


t:  100
Fr:  [[1.325185 1.273846 1.335665 1.353513 1.348832 1.333634 1.315061 1.297726
  1.283330 1.273041 1.265967 1.262212 1.260139 1.259756 1.260226 1.260890
  1.261888 1.262866 1.263788 1.264592 1.265281 1.265852 1.266325 1.266597
  1.267027 1.200250 0.903288 0.713002 0.620663 0.564791 0.521838 0.494033
  0.487544 0.490116 0.494084 0.497786 0.501236 0.504399 0.507285 0.509891
  0.512225 0.514291 0.516089 0.517613 0.518866 0.519850 0.520573 0.521075
  0.521313 0.521307 0.521064 0.520583 0.519877 0.518973 0.517935 0.516304
  0.536926 0.567412 0.600707 0.636574 0.675310 0.717443 0.763875 0.816384
  0.876477 0.942560 1.009609 1.102605 1.153043 1.194904 1.287433 1.605278
  1.738695 0.842404 0.486717 0.410997 0.420532 0.444505 0.471368 0.500302
  0.531550 0.565425 0.602279 0.642456 0.686158 0.733080 0.781879 0.830320
  0.876291 0.918743 0.957670 0.993889 1.044793 1.077528 1.102895 1.124008
  1.141941 1.157280 1.170390 1.182126 1.194628 1.212769 1.243848 1.293084
  1.359538 1.435974 1.509125 1.563530 1.592660 1.242022 0.775837 0.610756
  0.590036 0.609786 0.635908 0.663573 0.691103 0.717364 0.741338 0.762923
  0.782847 0.802185 0.822163 0.843593 0.866793 0.891641 0.917744 0.944573
  0.971573 0.998263 1.037985 1.061430 1.081037 1.098037 1.112913 1.125997
  1.137465 1.147175 1.155777 1.163322 1.169937 1.175766 1.180754 1.185415
  1.190271 1.196086 1.203706 1.213564 1.225194 1.238135 1.251322 1.263805
  1.274854 1.283604 1.289828 1.293202 1.293326 1.289701 1.281542 1.267468
  1.247027 1.219625 1.184988 1.076382 0.945490 0.904852 0.921180 0.944558
  0.968494 0.991879 1.019791 1.042174 1.059355 1.074202 1.087215 1.098346
  1.108437 1.117449 1.125543 1.132778 1.139006 1.144695 1.149817 1.154464
  1.158655 1.162242 1.165575 1.168611 1.171403 1.173934 1.176042 1.178028
  100000.000000 100000.000000 100000.000000 100000.000000 100000.000000
  100000.000000 100000.000000 100000.000000 100000.000000 100000.000000]]